11261
17486
11430
13456
14428
15651
9168
19159
5480
18384
8977
14906
17887
12737
19579
10186
19521
19922
16772
11616
14849
11184
15094
17382
5626
11698
17816
13120
10571
15023
19047
11605
18949
12155
10340
16229
12562
17290
15499
8774
17022
5009
16207
7562
5246
19787
10456
6511
11279
17954
8222
18861
14353
13696
8220
4076
6392
14048
11830
6729
17835
16048
12588
10457
19337
17371
15956
9731
6396
7349
17623
6231
8422
11998
14594
13839
14977
11532
16135
5838
5242
15304
5841
12617
10801
4185
17252
9253
7934
10264
13837
18514
9460
12770
10938
4974
12421
9750
8225
7875
7831
4725
4114
7929
4330
5991
14438
6354
19102
14381
9098
14860
17912
9991
5487
6531
14207
19971
19655
19152
4118
10703
5797
16132
13511
19108
16770
15652
5060
13620
5417
9227
7307
12260
18007
4516
15189
17911
12286
8810
9746
14897
10150
13552
5165
18977
4601
19468
11283
8407
10766
12450
10094
9072
7756
17127
18927
7981
14417
5222
9220
18786
5294
9482
12964
19871
11553
9651
11984
4970
11341
16295
11684
14844
13405
9220
4552
12244
14967
14533
18506
17302
8369
16652
6853
12967
19132
18234
8504
4879
5589
11207
7493
11064
19590
10960
13603
4668
4588
5293
11424
14950
11484
10313
17066
14471
4765
15249
15667
18536
16575
10683
13014
19883
6715
11918
14417
8641
6628
19996
4739
13318
5147
11105
19380
4133
12801
4620
15254
6445
15617
19884
11655
13674
7109
7556
9817
18056
19586
12382
12201
7882
6566
9967
8304
14905
18193
7609
8349
11672
16542
8961
18039
4591
4554
18105
13802
4379
10932
16932
5669
4145
19995
13221
6918
16691
19027
19340
16774
19158
6100
16361
9055
14246
11795
16856
10752
15179
6801
8475
5939
9192
16270
7582
9902
10656
5844
11063
13120
9003
13754
9438
11123
6653
10713
12056
7887
13344
7049
11613
