7778
787
5951
2759
21108
4142
5569
4943
25186
3431
11693
832
15147
3095
3108
610
20531
3561
19678
2268
17102
4992
6097
4210
7966
2892
19246
1691
17500
4841
4501
571
1752
4635
7367
3351
16618
613
1870
1535
21118
2250
18545
4038
6877
2715
23831
3352
14113
3478
13925
1424
24567
1176
1099
1845
20971
2291
5334
1893
1579
4741
7687
510
12456
2485
1055
3555
7763
2628
9486
4066
15793
2988
14011
1799
6911
2490
14320
4157
14690
1090
17870
644
10706
4811
1321
4554
22414
4917
20052
1669
20782
3858
5055
4547
2839
3805
7804
4187
12003
1730
8765
872
7725
3900
14740
2433
15171
3811
1411
2269
20934
2231
18398
4608
6215
1675
14849
2886
10484
1048
19720
1918
17035
981
24133
4451
9488
3435
5235
2873
4033
3852
8905
1876
19951
3318
18564
3475
9728
3218
7899
1214
23634
2322
10931
2494
885
1729
16816
4255
4141
3956
10588
2064
12477
600
10491
1345
19879
3665
2034
4760
13789
2794
6599
901
1522
2411
3411
3232
13334
4661
4260
4116
20586
3316
9585
1715
17190
2847
21625
921
24663
2115
9779
2193
8660
4980
20515
3973
5852
2972
21816
3530
13764
2099
15600
2455
4318
2014
10333
3160
4282
765
8107
1508
15556
3237
13433
4384
16461
1119
12914
1712
21107
4861
24030
1325
3710
4428
19025
708
15391
2062
10020
4885
1839
2661
6921
2590
731
4714
3298
2051
3444
1720
23513
4673
1686
1196
19161
3762
11954
4793
3443
863
1546
3203
20891
3076
10178
2448
7932
1774
14722
2097
24590
4133
16925
2012
4648
1105
8981
785
21415
3718
1076
1229
4158
3064
1227
648
3808
4894
3221
640
14682
3443
6062
1885
23328
2543
16372
3604
2200
3095
16010
4240
19222
3944
7555
1094
6794
3706
24645
3323
9776
2318
2954
2323
1901
4463
11555
1681
13796
2128
7796
1972
4715
2971
19516
1982
14713
2131
10406
3719
12421
3454
24855
1747
2509
1366
10248
2229
7406
4539
19517
2402
24775
2677
16491
1286
14067
4199
6640
729
570
2234
4101
3684
7330
1877
16647
1467
24731
4815
14025
4525
8046
1716
3946
3750
10545
4204
8416
4392
12328
801
24523
3403
14850
4438
8739
3597
22464
3206
19501
3912
3242
2090
17952
955
12982
1789
24960
3992
13568
1323
10181
1954
8965
4469
3309
3743
8908
4688
19237
3788
12722
2236
14424
4711
10420
2758
3483
2316
24257
4869
8304
2244
4987
4073
19670
4797
14170
677
5711
1055
20706
2962
8618
1849
16963
3458
7841
3667
19130
3271
8953
4847
20998
701
6853
3767
19732
3995
17558
534
4536
3176
20257
3032
21677
533
3930
2982
2936
1219