3010000002004000400000020
1000000300005000000205000
0100000030004001005030004
2000000003015000000010050
1050000030000000000440050
0400500010004004000000003
0000054000000010301000000
3000000003145000000040000
0005040000010000000000002
0400500400200500000000010
5030000001002000200000010
5000000050040000010000030
0000200000014000020050000
2500100002004000000004000
0040000030000200010030001
0000302000000050021010000
1030000050500002000000005
3400000004500200000000200
0000520000000000000100030
0300050000010000040000050
1005000400000000100000002
0200000005050003000000010
3005000002002000000400000
0000003000200000000410000
