1977
2252
118
2371
3466
3694
2518
4135
838
1200
4961
4651
1425
2849
613
1080
401
4339
3915
4537
2092
1461
2389
3079
2788
1972
4245
152
1824
3503
2522
1296
3581
2075
2589
3113
2570
2218
4247
4843
5000
1731
2867
1286
3651
4219
2655
4346
2521
4431
535
1987
4795
4622
2019
4070
194
2421
1938
1753
4426
772
2833
4776
4612
3814
3916
1336
2296
1435
4553
4485
2344
4343
1904
4712
2351
1449
1918
473
2013
1627
4013
3698
626
361
4639
4262
3290
3789
2832
3741
3137
3241
4117
111
1823
4230
2311
4496
1587
3129
3717
487
4052
4470
2557
2388
1494
2513
1266
394
965
2462
1475
1399
2074
3852
4623
440
2014
8
3743
4836
138
515
113
3884
168
13
3151
1557
4255
3840
4201
379
3761
4568
3109
3103
3288
305
1663
3914
648
3058
2764
4865
1526
2027
3867
1668
2851
884
1902
2414
3977
1922
3545
1674
3146
3665
4450
3720
1521
733
985
3246
4606
4879
2869
2929
3189
3057
261
3623
184
4730
3668
3065
4513
746
1385
288
3119
4307
3731
1136
104
1074
3001
2825
630
621
3454
1257
3806
3854
762
96
2453
553
3602
1378
3689
2360
912
3093
2160
3483
211
3004
1743
2020
848
861
2767
3278
4582
2766
3378
3559
2135
4058
1363
4201
2869
975
3406
2874
2869
218
3396
1276
3074
2552
4459
2522
412
3079
765
624
2837
2074
1410
3177
2480
1401
1260
2879
2016
1032
3322
4397
353
3613
549
140
4973
1120
105
3654
3725
4012
941
4491
2559
1878
144
4597
2261
2474
3394
3577
3732
2407
426
1461
3018
1226
1310
2778
740
2995
3049
4965
3533
2071
3342
1134
3598
4042
911
4293
3993
2073
2067
4829
1170
4932
1638
1585
3803
4720
2778
923
3931
135
4122
96
4980
4284
1763
1201
524
3469
535
3673
3050
1220
4332
3545
4462
4694
11
1773
2240
4454
1086
4305
962
417
4198
4643
3719
3201
1775
1823
1236
3968
4428
490
2944
142
789
3531
3020
1968
1799
3668
3269
358
4831
3451
1700
2381
2451
3704
3438
4493
4942
2564
1029
1223
2654
4947
4737
820
1407
1287
1297
42
79
4001
3958
3425
1790
457
3388
4332
1192
474
2353
1742
2559
2697
4341
3068
1075
1711
1421
1742
1331
4683
3517
1063
2915
1053
4509
4098
908
339
4596
1821
386
149
1975
4211
3434
56
4363
3002
4827
2578
4044
2616
4192
1777
1317
2953
4143
2809
2057
265
3027
3681
110
3542
2032
414
2767
2368
4319
580
4521
4031
2882
2327
2528
1136
4328
3851
3517
2583
3597
3587
4661
4972
2353
1130
471
4056
790
1577
1900
1209
3403
2819
1252
4485
1132
2038
3938
304
127
685
740
4597
3243
2666
315
150
1254
4050
3210
1096
4988
2469
4518
2285
420
4091
4572
4946
1014
4747
2735
1310
4428
3569
4032
983
1230
3944
4163
4088
1463
2144
4400
3287
1418
3736
1954
591
1914
2159
4056
1367
4141
1491
680
4656
1964
1176
1838
4337
4721
4081
4740
3909
1408
1646
1102
2258
67
288
213
1367
535
3723
3612
4760
200
1377
2308
4590
2973
1310
789
1401
3238
4149
237
1255
2571
1498
2165
2815
557
2779
3528
52
3130
1984
4342
4384
4751
2468
1451
3524
3407
3067
4030
3086
1855
2604
4036
3121
1222
1270
1028
272
2981
3370
1672
1798
2839
1065
3597
3692
2444
2987
1956
4910
1250
1670
1706
4639
484
1892
171
457
3601
3215
4056
3715
512
2113
363
4348
3489
211
458
1829
207
2527
1923
2293
1643
983
3303
2737
1885
31
615
4755
2432
534
2175
4928
4793
2061
4442
4294
1422
3373
1294
2159
1738
2553
4008
3561
4080
4944
3031
311
2047
4652
114
606
2306
2768
1412
2023
3576
2977
593
2740
3531
2862
1428
3410
4598
2011
4006
2931
2982
4605
3875
1274
4473
2606
1288
240
3322
233
1080
240
267
4903
613
1814
1148
1974
3377
2816
2127
4164
865
2292
3667
2778
1787
1891
3388
1524
4975
4381
4190
3375
3400
2258
2985
74
4977
817
2704
3134
3412
4302
3629
4720
1919
3389
1670
1017
1934
4853
2296
4593
4572
3074
4542
3241
2937
3084
3680
3621
2538
914
3041
3400
3214
3999
3719
1704
811
4599
2696
85
3353
166
4764
4714
1382
3713
4912
3620
3854
1553
4801
4718
949
691
3980
3458
2685
2232
2204
2104
987
2763
3897
2949
3859
587
2293
1532
1577
2754
3462
163
3819
459
1897
4391
2865
2892
4758
141
4405
2634
357
2534
4885
4866
2411
4770
4202
4892
3495
1454
2561
291
2625
2908
2707
1582
4613
1594
2873
2578
1084
2189
3944
3932
1194
1501
4885
1673
4396
636
2422
964
218
82
3790
3788
4946
3281
2644
2296
568
144
3845
427
2620
3642
2297
224
3729
4337
3895
412
15
257
4099
1267
1187
16
2613
4820
4125
54
4920
662
4666
1599
4847
3090
518
1323
1105
1421
2026
2158
2683
2028
3466
522
1497
4919
4819
3977
1290
749
4722
113
2057
3191
2808
2195
1776
1561
4165
3895
80
1090
3747
2094
1963
2095
2543
1047
2441
2255
3851
3068
4696
1307
1587
269
397
1886
3870
602
54
1201
2271
2535
4295
3948
4089
1590
29
4416
1208
1118
2240
3440
1424
568
2580
915
96
4441
3680
3246
1623
2539
1851
4016
2126
4759
3380
2569
815
1460
2180
1793
1711
4179
3460
2716
1879
2886
7
983
3166
127
3248
2272
4695
1291
3616
1659
32
1809
1197
2517
776
2789
2846
1460
1120
4273
831
2728
2750
1292
2683
2755
3697
3785
495
3568
646
1255
4400
3347
820
2237
1470
298
2550
576
1868
3467
2298
2841
2275
1803
208
2500
3804
4587
785
912
1428
1710
553
3300
3452
1538
3500
2697
2249
3072
4977
488
4244
1139
3070
4088
1513
590
3945
4431
4135
820
851
4971
3189
1006
2243
1158
503
2309
1773
4898
1059
4010
3876
4301
2484
3931
3744
2516
2892
1814
4223
1028
4779
1910
2554
3840
4452
301
4541
797
1499
579
3161
1649
4881
2598
592
105
2316
4511
4833
3937
3565
1544
1879
1069
1001
4028
2851
2337
292
303
4295
1645
903
4560
224
1745
4951
194
2531
3683
2862
4054
344
847
1124
2133
4583
777
4076
4510
284
1987
4617
968
1301
285
4161
863
1973
1954
1148
4355
1456
3013
2456
4925
779
3771
2485
191
2066
731
4035
3173
2375
2175
3631
3883
3020
3016
70
1229
3962
1199
3254
600
4891
2907
4074
1192
2409
45
1790
3267
1019
4344
1477
3372
1233
4153
2316
4337
4881
4729
2571
1487
2685
577
2391
1660
1318
4496
2879
3919
2765
557
2250
4573
2558
361
3162
3916
3719
4043
2284
3736
2535
2276
1900
4512
4520
3077
4520
3773
945
592
1717
3720
1077
2657
2194
3221
2539
3964
4870
387
3517
927
765
1103
1692
1484
512
2401
2389
4467
1316
1177
2429
4187
2395
1765
2195
947
3455
3237
1675
1435
3695
4769
1503
1882
823
2968
372
1857
2679
2855
4014
2343
4704
2004
4917
4945
2225
3341
3039
4183
98
2545
165
791
3501
2277
3258
4853
4969
4567
3260
1823
912
4976
3501
1170
3594
2300
1343
4471
1301
1311
4873
2826
4717
724
2601
3343
204
2346
3093
2918
4
4206
4998
3277
3715
371
2395
699
3800
1171
3117
2705
4012
4493
703
3675
2254
3168
4021
1783
1621
3024
3699
3616
3378
3293
4871
4041
2894
4718
3524
2682
2949
2015
4672
4692
3977
4129
1679
993
541
3716
1004
168
2455
4594
3302
1144
3763
1009
170
2533
3381
2909
632
4207
1040
142
3336
3877
2344
4946
962
4665
1608
2637
833
2299
4947
3079
1691
1247
976
4312
2006
1570
4582
3350
1282
4723
4095
1603
4600
748
4878
1527
1864
4008
349
4462
224
3209
1997
1583
953
3402
4139
4584
1720
2834
1635
1739
2410
609
3771
3182
4158
1315
2974
1285
4275
713
4607
4271
4566
2816
527
2708
116
1422
1884
1247
3948
4694
690
852
2299
2151
4601
1994
2050
1799
904
4631
3344
994
422
4104
108
3367
4675
3578
1896
2241
4588
1759
3549
2375
3645
2220
2801
3158
196
769
1221
982
4302
2186
3546
2684
4322
3442
2602
2143
2202
2497
700
2962
768
4895
1842
593
2266
3194
1701
3770
2529
3342
2699
3847
4013
2867
2769
3844
412
2296
3331
3193
1127
1496
826
1601
764
3086
3104
1165
659
3586
4492
2593
4092
703
1250
4380
2585
2120
1851
585
2328
513
846
2227
2977
4547
2345
2968
1813
4056
3519
3569
750
3696
2019
4344
3169
2681
2064
1818
1779
1760
4907
407
2322
66
2758
4379
2911
2473
1763
3555
1719
1836
2631
4195
4667
398
596
488
681
1920
2110
3446
3851
2007
1334
2636
2734
186
2036
4240
718
3652
4903
451
2562
645
1044
4317
4316
4059
2849
3341
4681
4814
4947
4156
2507
4408
1460
4635
3260
2442
3907
4195
1676
3577
3595
1306
1586
2024
649
1909
1310
4209
842
963
2740
3683
2300
3785
745
4781
4369
3199
2419
3372
772
3476
4855
828
2681
382
4828
2597
4716
4393
4796
4279
2151
4494
709
2494
4693
2251
1319
1058
2221
1708
1281
4745
3787
3612
3071
2631
4733
2064
2797
4541
1063
2924
4426
4164
993
1193
4144
2140
198
862
1389
3033
3746
4752
1999
1502
3501
1488
2018
426
2432
3019
3522
2398
1168
2928
3037
1300
3624
147
78
4870
2678
1960
1026
1015
4137
2926
2034
2049
1658
3719
1926
3931
548
3488
4540
2255
303
1196
1645
3729
192
2975
2812
4978
162
2935
499
2006
2314
2447
1566
1680
1157
3348
988
2345
1392
1670
1280
3229
4498
3252
577
1952
2914
1248
485
3123
1775
3459
1846
2214
4444
4108
3951
133
1022
1167
3672
228
3409
1037
350
3732
2416
2152
3569
4548
1268
2616
2336
491
1824
2638
3409
3698
295
2133
277
400
4823
1763
3075
4473
3038
4273
239
1320
3544
1171
241
3148
1781
2860
288
154
1750
444
3804
3234
516
659
893
2529
485
3265
3529
4705
838
515
3363
848
4584
2204
453
834
1780
3231
2250
4567
1524
2748
2967
2605
1512
654
819
1213
3268
3576
4829
538
1270
382
843
2830
2136
4599
696
2747
4400
4209
4764
3121
201
919
319
2401
3256
4879
1580
3029
4343
182
2214
370
1878
3408
956
802
4406
3596
4666
2849
4990
3048
1597
3151
1153
4919
4539
2596
1955
2867
447
4871
1974
2585
3187
1223
3424
3919
554
544
2622
3239
4186
3959
445
823
3057
253
252
2575
328
330
3435
3602
4581
2696
3296
4947
554
2987
1307
21
4204
4476
4446
4807
2048
866
4233
1142
1067
1561
4342
2872
2577
1058
2166
4425
2170
1166
829
576
2215
1615
4843
2215
4609
275
1086
3143
881
3160
4372
4088
4876
3916
2815
2171
3360
2102
4566
764
1666
4698
4973
2776
2743
2875
4277
4890
2461
2131
1
1915
4020
1693
2130
4567
1343
2778
2340
3568
256
195
3301
3103
180
2083
1651
4854
2032
4504
424
3022
3378
3377
2160
167
2313
2840
4784
4907
4768
745
3322
94
1430
4021
3052
4737
123
516
1360
1161
3496
3841
4268
2951
4979
3295
1140
928
3026
3625
3752
2018
3165
3054
4524
1250
4687
3423
3988
4088
4366
4793
493
3204
4724
3205
1577
1412
4397
781
982
4505
2236
743
451
334
2599
3055
1490
3389
956
4077
945
1118
2086
1116
990
4125
2120
1354
2668
3890
3747
956
3341
3450
4613
1931
849
3392
544
3157
4053
1761
2553
3999
4402
2752
3664
1618
4236
408
3619
1044
4265
2323
4160
741
97
1939
2202
3122
2894
3982
1707
4520
2998
653
2198
4530
2015
1018
689
3980
2158
3260
4423
2792
4548
4103
2592
3936
2454
2220
3030
1516
4190
1469
1204
1882
919
355
2227
3136
1753
2894
2090
3692
918
1346
2741
1215
151
3615
2146
1619
2747
3521
1211
3146
2985
4988
1502
1466
2357
2851
820
2156
2979
4497
3770
4563
3485
2550
499
2508
1329
1258
4244
1726
562
3443
2070
2938
804
351
1568
2874
2426
2799
2955
1517
3929
4548
500
696
1359
18
2831
4011
4516
2947
2703
4141
2073
4322
3278
4111
2873
4120
1589
3773
2626
836
1661
712
4661
3579
4071
1688
1553
2846
4006
7
1032
1982
4447
970
2207
2815
1411
2857
3458
575
4382
1724
2328
861
994
3603
2145
4381
1124
1032
1687
561
2561
1332
2930
3519
2984
4843
1609
804
4407
398
4269
877
673
4303
3742
1452
4949
4728
2207
2454
1171
1287
2456
756
4671
2016
3745
3547
4079
4743
1681
876
1177
3128
3230
1858
224
3503
1705
1024
3980
1418
20
2546
2668
2243
3368
4179
1981
1163
1770
1142
4570
1143
4451
521
2979
4903
4434
4111
2274
1265
3148
1898
574
3943
2466
4412
2502
1272
4378
803
2859
1755
3744
1610
856
2042
2734
2775
1293
930
2489
2481
4562
517
2678
1884
4637
4974
4026
3111
2467
1540
1239
266
9
4927
4744
4153
2005
26
1911
4598
3510
488
3190
1507
2046
4805
2681
636
4205
2681
4163
256
1792
3504
4975
2078
437
1496
3995
1267
3582
4216
4241
1378
560
2848
3812
3083
3501
2223
1611
137
3125
1832
1279
4945
1548
3443
1265
2587
282
267
760
476
4285
2000
2141
2933
3225
4043
1344
4436
2002
1018
913
2467
3934
4613
2603
1116
1873
808
3487
4927
1965
1764
578
4591
2862
1774
14
3018
2207
4748
1034
4250
2719
1868
2796
2693
4659
4082
3646
4036
3396
3265
2265
4467
3330
2738
2223
738
4067
731
4411
3646
3610
4360
2108
1816
3876
3559
272
4814
4457
1511
3697
265
2304
2057
480
3831
4702
3395
4692
3360
4684
3251
2852
1520
2778
3630
2191
1380
1193
4102
4831
545
3999
4370
561
1422
4776
4617
3794
4106
1441
3295
3570
319
1018
917
1600
1980
423
1748
223
4802
1031
1258
4999
4954
3048
1617
2267
2886
2818
3105
2503
1213
4176
2849
1407
4770
4779
181
2787
1230
1671
4475
716
129
782
4748
2142
4610
4128
3004
2527
3309
2542
3627
921
3422
4804
1945
481
804
3730
3345
360
2037
702
4691
194
1337
2887
1718
742
3223
473
614
44
1799
2290
4533
2946
2147
2792
3649
2538
2731
4399
3144
2626
987
4216
213
4088
2941
1509
1824
1914
2641
2468
3424
2714
4874
491
2101
377
2276
4138
57
1969
4325
3287
861
3308
1552
3167
2572
1921
2915
1812
2058
3487
654
2526
2962
2509
1173
3655
485
2020
4538
3979
4924
1519
3581
1801
3146
4848
2035
2998
4663
1291
2842
2400
3512
4983
483
3767
3838
1934
92
3941
2692
3548
1842
3606
713
466
3013
4539
1234
820
2229
1890
2876
2858
4540
1986
212
3249
4346
3816
218
3011
651
3258
523
2433
4213
1514
208
2124
2293
2743
4052
4929
2850
4878
1442
4459
4878
663
3389
701
3765
325
3193
2154
2750
4957
4905
255
1379
2458
604
343
4198
2605
4459
4481
1277
4660
1339
3862
4226
4306
2567
1798
929
4154
583
1920
2405
2757
1530
4341
2946
4721
2760
65
4035
1507
518
3564
503
178
1032
2614
1974
1752
467
299
3566
1356
1973
3874
342
2396
4046
1665
1767
3891
1534
4180
3458
4690
2077
73
4168
1765
3157
4361
3606
2248
3263
2026
1527
4490
3816
312
2315
2949
682
2777
2740
3599
98
2610
1980
85
1411
2587
4020
1102
4548
701
3487
4690
772
4440
1150
4678
1018
746
4777
1582
3907
2460
2164
4290
3688
1167
495
2758
443
3370
3877
1869
1826
4559
2331
1949
318
3359
3623
1506
4976
3633
1193
2438
2228
3737
4973
2724
2800
3549
2440
238
3150
3967
4541
1400
1952
992
2292
3292
3710
4378
2338
4984
3551
516
4804
454
4872
3272
2030
4638
4858
1825
4350
4588
3944
1961
2489
238
3042
1068
397
3302
4479
1322
3184
886
2458
2682
4505
3672
4065
4498
2721
2475
2028
4192
2991
2260
2886
3610
3429
1669
810
2150
2633
191
1015
2641
205
773
2351
910
1014
4056
3997
4457
1198
2273
1541
25
4685
3646
3264
4190
941
1547
2807
3932
1474
3818
3423
838
3594
4360
4023
2665
1369
1573
523
3960
1534
346
4836
3048
171
4427
1478
4712
2546
544
1628
844
1209
3816
700
3683
3284
2677
2488
2895
3850
1730
3068
603
2260
1840
2071
3324
380
1565
4703
15
2638
1802
4696
3727
1068
1003
443
4831
4341
4957
1334
2103
1565
1798
481
3343
3504
32
3151
3414
890
179
3534
24
4571
3090
3840
1488
62
4042
2438
4958
4047
3206
1563
1879
3550
4053
3595
3771
2580
850
2727
3550
2865
3091
4575
992
3105
1232
4132
3239
2092
2323
1456
2098
2400
225
4966
3710
4884
736
4119
1837
807
3414
3192
4938
3868
2769
1091
3076
57
2979
3937
334
964
2625
2334
4343
4182
2314
3823
4922
4008
2078
1564
4515
2032
3285
935
3682
3652
3373
3097
390
1557
1816
2032
2617
4542
405
4433
3702
3099
3319
746
699
4505
2336
2091
4283
4973
927
3805
4709
2962
697
1140
773
3886
1320
3261
187
1677
1723
867
114
2601
4583
527
4570
486
3096
4118
4493
228
3793
816
3986
1579
2485
1190
1863
3493
3362
3562
284
4872
1282
4699
803
2364
646
402
4410
3913
3154
2467
142
3883
3854
3004
2640
712
488
4380
287
2280
2899
4526
2193
667
4639
391
1258
891
2421
4451
3605
141
3464
469
946
689
3202
2513
4172
1263
821
4196
4366
3860
1531
931
2308
82
1789
2576
3254
4340
1637
3903
4299
606
1122
4479
4071
4489
438
1773
4382
396
2907
873
4211
2937
2689
209
3238
622
319
246
1346
1186
1111
3373
2360
4140
4196
1894
3365
1232
1797
3204
1365
1874
1631
312
1471
1560
1539
465
3876
4206
528
1770
1337
2782
2409
4252
1845
1375
3429
3475
1219
3853
4687
3927
274
686
2992
29
705
3052
813
4431
4713
3683
1106
438
2648
496
397
995
2909
527
1692
676
3420
360
698
3820
4710
4930
4378
3483
1371
3771
2662
4335
3057
2365
3485
793
2392
2704
3155
406
3525
4442
773
1206
4006
3772
17
546
2297
3280
4625
3219
2882
4523
3968
2337
2282
3626
1528
807
60
3671
298
3933
4259
3914
2239
3473
1776
3977
3742
1758
3482
3142
1900
4334
4108
710
265
1839
493
4556
4850
784
3617
1284
4275
4474
680
3431
4375
4107
4724
2729
3325
4472
3014
1515
2662
3564
378
3633
4220
1888
2865
1002
260
4045
4407
1096
1019
4456
1472
945
1846
3107
1512
117
2868
4189
235
1077
2553
1695
1559
3188
2361
1403
1021
3641
2248
858
2217
4601
4675
266
819
2427
1705
199
3237
1092
3047
108
3646
1447
915
2516
2884
1408
3731
890
1441
3120
3659
764
638
1966
2179
8
2697
4700
523
3476
4466
3513
1959
1716
3383
3962
1126
2836
3148
3024
4097
2151
3231
1809
1756
4471
56
2880
1001
4774
2951
1577
2440
69
1945
1480
2634
374
3298
1273
1403
4804
4068
398
2712
362
4181
287
1106
32
3953
4708
662
1660
2886
3167
2801
2773
724
516
1375
411
3540
3233
2804
3852
4502
782
2378
559
2536
1505
3582
721
3824
696
4659
511
4397
2652
226
480
3444
216
3260
36
2955
4006
1441
736
1582
1924
1291
4424
3150
4972
3254
1073
507
3608
3640
80
3267
3948
862
1304
3574
246
1745
4695
4159
2629
2899
3502
3979
1800
1954
1316
527
2309
3665
1929
2134
538
2867
2026
3792
1954
1014
2680
4501
295
4483
1000
1907
4021
2119
4454
4549
3124
2133
724
3715
525
2002
3160
694
1401
4368
4582
851
4349
4683
475
232
941
2255
4075
1270
550
1668
2254
3543
595
3844
3281
1761
4282
3600
2262
512
91
2364
1237
2198
1485
2324
744
4890
4746
1176
3970
1509
292
3971
3269
3169
707
66
1207
458
1168
4756
4231
2000
2180
1516
1031
1927
2619
477
2053
82
1834
4237
3226
4673
3746
2880
4860
2821
3720
4178
2132
3139
4394
4177
1860
4336
3570
1830
3032
3678
4538
2246
3491
3648
3144
1116
133
1452
528
3321
3641
3836
1981
1936
3743
446
1422
3792
1647
1575
2547
4937
3328
2965
4459
336
908
1587
2042
2383
3044
2636
1315
494
2147
2308
2936
2319
496
2213
4509
3701
4275
1451
761
3162
4187
3833
556
2978
4734
3613
1070
3376
3035
1491
3670
1838
4389
1571
649
365
516
3306
2674
3546
3507
3734
2577
69
1083
159
2110
2944
3691
1635
1328
2598
898
2968
2246
4336
3837
776
4925
3751
4525
1131
4662
4724
668
2399
379
3018
3615
1480
1120
1882
4427
1950
568
3538
2020
1137
2007
4452
812
692
4758
868
4004
4553
1665
4888
3168
1316
4988
4488
1606
1734
739
3080
4228
1939
654
3733
1880
3994
1547
2210
2865
3131
1485
4781
250
960
3056
4488
305
141
4433
4094
1298
1870
4676
664
2543
1585
1578
91
4705
4752
1244
454
4797
1116
3313
1123
2717
3513
4592
3113
130
4030
3840
3996
1828
912
4397
1266
3304
1198
2195
3608
3377
1420
3396
1075
1987
2799
1767
3426
2722
452
1065
2796
4340
1002
331
4167
4590
3458
1705
2330
179
342
3285
2394
3002
2886
2359
1588
4711
3975
104
852
4943
442
2070
1536
1172
1567
1369
3856
326
1949
4773
3204
2284
2881
2507
2355
3718
737
891
4489
330
1712
1299
4780
1619
4597
1517
3266
4564
1059
4855
1250
180
1976
2145
1314
2636
4314
143
3803
1655
1309
1818
2660
4525
276
4820
1919
4021
249
1971
3266
1873
4021
1739
3333
3004
3965
1463
4628
2842
2792
544
1639
1421
2365
3718
2562
1372
2558
37
2140
3551
2591
3675
499
2530
320
2965
1667
2325
4394
3815
1729
3768
1463
2105
3458
3064
3219
69
2653
4664
2900
1096
3556
919
2196
1433
894
916
565
2700
542
577
3696
2654
2057
1708
3316
2632
2634
3834
2704
1332
982
4326
1867
4132
3157
4318
4711
4172
871
4784
3366
2
3496
2627
3522
1128
3625
3659
3019
1475
4258
2233
2458
256
4826
3313
2414
1711
3078
4845
4404
3769
1904
1601
1397
428
1963
2658
2266
2094
933
1513
1261
1121
327
239
727
1857
1054
3898
4378
1582
3624
2219
4902
1351
1270
29
2143
1832
1191
2867
3900
838
2862
2426
4398
2019
863
110
2100
2614
4470
3402
3334
1113
1304
2831
2439
3358
905
3018
1106
838
977
3452
1912
4316
2507
3360
968
2657
2427
1540
3380
117
1182
4171
3890
2023
1730
4728
3188
1048
2460
4782
3042
3459
2814
1244
2221
560
4990
3326
1874
2332
1292
3402
1907
3403
2895
362
4265
3080
4634
866
1002
872
4178
2031
2607
582
119
2887
356
1882
1419
2324
4019
3551
482
2532
2722
1281
2849
1117
3079
1917
4082
680
4476
3483
619
402
3340
3307
4969
4164
1995
2166
3659
456
3663
1220
2764
3806
1748
2648
2647
1799
3578
3136
2406
3101
2592
2468
2285
1394
1541
306
2496
2628
3698
689
4313
1983
4112
4512
34
74
1847
88
1771
4625
1100
1613
2499
2674
1392
3748
2916
2497
149
2938
3906
543
3779
4958
1172
4832
1637
3052
294
4249
4840
275
1085
2834
1713
1347
3349
2580
4877
3596
2053
4037
460
3329
726
4746
1112
2303
1877
2853
3415
4066
513
959
1764
4483
3133
1850
2468
4343
1513
4683
1176
524
4251
3317
4200
627
4559
4143
3222
3961
2821
2445
4228
290
1450
1057
4486
2603
732
4547
3480
3980
757
729
1547
579
4782
4928
4252
3946
4670
4102
47
3555
143
2625
889
4460
855
3194
2272
454
1063
398
3034
3544
4177
2849
1056
402
2960
4683
4709
4272
4789
3751
2899
1273
3206
1592
3889
2702
1205
1064
3863
746
3126
3688
3412
735
4818
1694
1035
4006
2974
1462
3315
3124
3284
4536
4902
4343
290
3388
1892
178
3502
1387
2312
1975
2777
23
2861
928
3779
4871
1647
2060
2587
3167
1401
4338
711
1505
744
2043
1095
470
4534
1485
4949
4064
1660
3141
4138
4667
1804
3403
1959
1151
2727
1340
3692
4411
593
1259
2076
4651
78
3442
2950
1901
2854
871
4157
4818
1025
1732
90
600
4861
1434
1630
2946
4175
259
4588
1711
2574
4161
513
3016
2411
1851
4544
2820
4964
2907
4764
2033
1585
1233
3069
4064
4849
1655
2989
2177
1060
2825
3363
845
4869
272
4738
654
3616
1810
1011
2248
1226
468
2091
3503
2431
4482
1201
4085
4649
1387
2456
3462
2599
2414
1469
701
4807
316
43
1517
1815
623
4101
4865
4197
1510
1692
3488
2970
2460
4974
108
1216
4517
3174
2725
1991
2302
1906
89
3207
4444
2446
1588
2979
4896
2017
1011
3260
842
1733
775
2126
1494
3664
1361
750
4742
3697
350
2818
2632
194
4972
3014
1280
4821
2898
3115
1666
4324
982
1824
2507
1296
3777
2107
4951
3742
3916
2043
679
3245
4936
1748
443
1744
2585
1681
2792
2191
4816
1888
4859
3013
3828
3235
3791
1192
2275
1167
236
67
153
303
1092
1412
4823
1770
1332
3170
679
631
910
1411
1446
4054
3481
4524
3194
3350
4422
967
4592
3479
4289
2250
727
4650
4685
1749
3336
1472
1132
4737
1835
2395
4865
2939
1241
3816
3499
3087
3416
401
2808
3813
2734
3253
965
2423
1562
3745
76
543
3947
3359
1736
150
4688
772
3633
4294
2941
3735
3165
1006
1813
4458
2780
1548
2430
3087
2430
11
1432
1663
81
4869
4791
373
583
4970
1302
799
547
47
3570
4172
3138
2733
4584
1287
3096
3478
2898
1115
586
1082
1995
1103
3392
3659
2541
2958
382
4394
3341
4527
2021
4784
2939
2209
2117
2107
4942
2118
4279
2962
644
1147
3736
3704
4103
4749
4538
256
3748
1384
4016
3415
961
428
4735
1634
3149
788
3569
4481
2942
4470
2102
2435
3356
1902
4475
2192
3308
1112
1809
1414
941
385
3376
1749
1168
2417
1287
191
2414
1123
1015
4857
2551
778
1816
609
1844
4792
2737
4146
2139
3718
1115
1981
4007
2859
987
2695
2953
1878
3953
4708
134
3906
4437
1348
2248
3206
1009
4326
3741
2211
2257
2831
2725
711
3130
877
1612
502
1221
4653
4669
330
4824
3831
701
3212
2975
575
1612
2168
3249
4549
263
474
2894
4775
4858
4260
883
570
4772
2724
4389
4848
1521
2170
1544
4936
1749
1737
1918
3301
3141
4131
216
423
1195
974
280
2456
2717
962
4834
1380
4918
3567
3974
1455
3701
1453
2228
289
987
2780
167
4626
2979
192
4823
563
4300
81
122
4388
4082
3914
1064
2894
3809
60
4530
609
4368
1845
2628
4384
3060
3054
1585
3755
1978
2311
4201
304
4595
2631
1981
4242
1539
53
4258
3519
4941
884
3863
2242
2204
3250
1102
46
1963
1017
663
2113
2180
2663
3619
2953
705
2653
3365
4584
3316
2944
2353
912
3603
2773
2543
2537
4390
3513
2245
1464
3790
3103
3748
1717
2044
459
2914
4624
3316
2523
2078
4262
1745
2071
4484
1949
4487
131
2535
2854
2925
1520
2080
1073
4758
425
230
624
3955
75
227
4001
4725
2442
3339
2201
183
3852
411
4703
1337
3808
4024
4961
408
1374
1941
1209
334
368
762
231
3593
807
1276
4911
1554
2123
1191
2206
2671
3157
4977
3584
4681
723
4994
941
2788
4695
1064
1581
335
2518
932
482
1287
3163
4096
4351
3285
4855
1212
2945
787
3795
4649
3482
4408
902
3020
3372
2166
4903
4482
3964
3245
3345
423
2351
373
864
664
1087
3999
503
1339
4946
3989
1229
1242
4932
4641
4863
4921
984
2390
1495
2406
1358
3017
3676
2818
358
3920
1574
3081
4229
3248
3936
2821
2021
3902
1593
41
1561
4422
1230
3365
2688
2732
4562
4323
4970
4241
3304
2477
76
3181
328
1109
4347
3497
4490
909
2560
2155
227
669
3916
3175
4208
2410
2222
3421
2864
2086
2501
4764
3663
3341
4521
3308
1551
1637
3529
4134
4727
1191
4490
57
3379
4677
1514
1101
1572
1770
248
55
139
4069
2607
2173
3278
3712
1181
4551
2656
1331
741
3470
4052
2180
3295
4454
2428
1740
903
2878
4075
2245
2708
4176
3725
4699
664
3303
4777
1444
102
1944
2420
4968
216
121
947
1355
4552
4063
3870
3430
2916
4043
833
4506
84
1670
4595
2172
1538
4476
1673
3201
3254
3023
3305
2165
4555
3532
163
579
2859
3965
1958
3827
3253
2503
1045
212
316
2411
3872
2095
1092
2372
4748
4883
2237
4637
145
925
856
3055
4304
341
3711
4216
3627
3376
4922
931
3141
4237
938
2270
3521
1909
3302
309
2576
3578
3167
4287
4067
4243
2502
2594
977
464
1725
4793
4009
3848
2117
620
3398
4452
595
4456
4602
337
3928
1044
3756
78
4781
3537
1378
2194
431
3504
567
2126
4666
2250
4109
1814
1254
1083
3571
1015
3414
1725
655
2665
4905
224
4457
4181
1047
2630
417
397
928
125
335
820
4396
1367
701
2685
1202
1867
3389
150
3571
1104
4944
1418
1950
616
2095
415
2432
972
3474
1347
1820
1629
862
532
2734
3802
1738
1193
2202
4102
9
3861
4847
1700
997
4069
1352
412
4862
3815
1788
2524
991
2090
2115
784
984
2468
2901
2717
1182
2527
4194
1346
817
400
3473
4763
3102
2102
3424
1412
3459
288
4121
4191
3390
447
2507
4179
2375
3865
4225
3392
115
4255
2637
3575
483
2129
3279
2390
4667
3893
4149
495
4766
168
1685
1799
4132
40
2121
4595
1088
139
2627
132
4288
849
1930
4082
4705
2833
793
1056
2673
329
1820
1612
4566
3623
1003
941
1030
3493
2652
687
4508
584
317
691
2568
3289
1771
898
4552
2138
688
1271
1806
3870
3230
2847
3964
883
2266
4089
4348
2127
2261
1240
3706
984
3561
4268
4276
2938
926
3103
861
1111
2917
4477
3997
4409
4517
4082
2902
2177
1195
636
4650
4842
3508
2987
1985
946
2758
1883
2123
2806
1273
4789
277
4220
4869
3237
2864
4069
1992
193
4764
2159
3577
2473
4412
1881
2501
20
1782
4057
756
4664
2428
1000
34
2480
3364
569
4356
1279
287
3219
4855
1518
2716
2955
4237
3909
748
2915
1121
4255
4900
1907
3287
3944
2338
3009
2511
4694
4646
4850
4501
1552
1704
2738
552
3510
2490
4072
907
2244
4588
3464
4649
67
3064
4158
1649
4937
4703
4463
1550
1392
2402
4483
2856
1850
3582
1046
86
1666
2315
2841
1818
4661
551
3023
3964
4091
359
1326
3180
3030
823
2303
943
249
156
42
3436
3899
1229
319
2210
1784
2981
1465
4037
514
4829
2113
42
731
940
2959
974
2341
3233
2991
480
1486
3198
1771
160
24
1335
3836
1263
3761
1945
4652
2243
4381
1891
4192
4897
762
342
1002
3054
2427
1858
405
428
3212
747
1039
1468
1010
4642
2462
4628
3625
4791
2634
2985
2130
1071
3858
1142
4118
1818
4173
2890
366
1567
4631
2126
1759
920
2064
3040
4045
3991
2425
542
4056
1040
570
2261
163
541
253
143
716
3041
175
1754
4054
3284
750
554
4943
2792
3563
4446
3171
2046
901
4212
2309
4998
3148
756
2450
3186
2610
2235
1010
4615
1017
4310
2019
4529
4154
4108
3561
1353
4285
4028
1002
4738
3642
2612
1990
850
2576
3614
191
2826
247
2970
4169
582
1571
2932
992
1875
2637
1838
3649
1185
3217
4020
4618
4279
1354
97
337
3490
4035
548
4670
3448
2998
3294
4061
1705
656
4651
3552
1860
1391
1694
3568
2240
233
4531
400
320
3238
4956
809
2532
1824
3261
4174
2957
1564
1520
1272
2308
2773
73
1624
4807
3750
2024
486
3659
3875
24
2058
1143
340
1725
208
177
4450
2091
1467
2760
2033
1180
923
1186
3452
3711
3024
3518
4590
1793
1226
4516
4457
2257
3423
2019
2197
409
1510
4266
750
3252
2936
2382
2842
4073
270
2303
331
1003
491
556
3313
4018
1971
4908
2516
3453
1422
1339
2121
4516
496
999
4294
411
4412
3161
707
4371
1219
3122
3268
678
436
2291
2031
1890
761
2573
1026
4224
1999
1072
1387
27
4375
2822
3369
4649
3897
1178
4059
560
791
3265
1170
1111
4086
3696
2277
1610
1003
1702
907
2089
2125
4989
3523
4675
3294
2024
1181
2051
2948
1604
4510
664
2674
3178
2190
3983
329
2837
3113
131
3740
711
759
4334
2637
617
4531
3556
473
2431
825
1718
1411
2610
4521
4816
4598
4320
2193
2168
1814
438
1327
2939
4389
3577
1509
3941
544
1861
211
535
3778
1264
2799
4840
84
2228
659
4595
2967
1333
1424
4354
4300
3047
2805
3652
2744
2416
1538
9
2017
4734
4053
1606
687
539
1692
923
362
1869
4012
222
3867
364
3915
2127
3727
3492
3790
1900
3693
3814
3498
2516
118
3100
4827
4147
1348
2621
3048
4070
4276
1557
1482
1038
3619
2380
1927
2841
3418
905
2995
3998
3678
4016
1871
3375
2372
3582
3301
4442
3671
1263
1171
2846
1211
2333
2761
3873
4140
1004
3792
4208
336
1352
3688
3887
3673
1117
4707
2060
2195
1344
1650
2288
2977
3899
3656
4775
3349
4680
2138
1292
3191
759
1188
2857
2507
1804
999
4549
855
3316
1230
26
200
1741
2220
3908
1608
2528
4100
3244
4520
3702
3462
3892
1655
3944
2222
1221
4571
1988
2114
2381
4788
1671
4448
2340
3619
4325
4147
155
213
4395
4331
12
3691
305
618
1793
1069
265
2304
4984
3122
2852
1192
1992
1437
3693
4676
2149
4350
3778
1690
2037
2860
3802
3424
2105
4211
3401
904
3286
2144
536
414
99
1586
3381
3595
1445
3435
1038
2638
2502
1241
4906
4193
832
1489
1851
864
3554
884
3695
4094
1849
2994
3609
1098
4793
2194
1964
4933
3901
506
3900
4783
4541
3392
3247
2813
1387
184
791
1691
3291
1177
2931
2435
3413
2856
3700
4231
4899
1590
3146
196
2698
3682
1119
2269
946
1152
1271
238
2954
4328
3110
2642
4766
540
3492
654
2334
1655
3349
2356
4509
4532
4876
4138
4142
4529
4711
1727
3939
2672
3372
3913
872
2162
4871
2960
2549
4209
349
353
3008
2926
3156
2968
3773
819
1542
789
4158
1645
4493
4176
104
2014
2847
4837
2757
1391
148
3208
579
984
1599
3420
3278
117
4605
133
1383
210
2504
176
3703
218
1215
1771
3869
3630
3453
4373
466
4896
4314
1064
4161
2680
922
2351
203
433
526
1282
3686
1357
2165
3210
1908
4946
4176
513
2023
3021
3470
3312
2004
2543
1113
1665
2197
1644
1363
2726
4786
1303
2673
4679
4110
2635
340
1053
2015
1646
4138
4242
1388
4606
1806
3606
2849
2170
1909
1087
1700
3452
4125
1722
4753
2053
1797
3768
3961
33
3860
2429
1971
3734
311
192
654
2605
959
1149
2478
2228
2291
343
3293
3243
1518
901
3356
1284
2223
1890
1924
2637
4528
2457
1857
2102
4307
278
4542
2607
1103
263
4563
448
667
4301
342
2140
4776
4872
3082
3163
387
94
517
2278
4822
686
539
1143
2761
3886
627
4276
557
1769
2313
678
2693
159
380
1725
3046
1081
3252
2591
264
3652
3202
4402
4824
2301
3886
999
1017
4380
3780
4346
4969
4824
4525
3790
4012
1064
4989
4179
4365
4599
1474
4655
2591
9
3194
3308
3341
1393
3617
3912
796
3213
3645
369
4802
3314
3287
476
3964
370
4213
1296
3977
1802
335
766
2957
2646
4302
4454
2209
3299
1852
2575
886
3718
2504
2306
84
2464
1709
4969
1588
4944
4780
203
4023
3089
1469
4457
4672
3717
4093
281
389
18
2954
738
3707
1243
379
4223
3606
1100
4996
586
2673
4510
4581
604
3412
4915
2789
3539
527
3682
3025
26
3733
4199
428
3021
4254
349
1141
309
857
928
2352
2098
4408
1813
2111
310
4647
1791
1740
2456
1138
2677
3469
983
1215
2601
2231
2983
3334
1422
3602
3350
680
2380
2858
3749
2849
2027
399
2636
18
3765
35
196
3375
3269
469
2760
4220
982
1544
1662
728
73
1648
1790
2487
684
1495
2768
3851
828
2986
1144
4120
2461
68
1367
2644
4890
105
4528
2511
1870
1673
108
1957
168
1580
1301
2199
3911
2707
4420
2809
91
2936
4936
3437
3619
1050
1216
4125
2313
1769
1128
64
195
1482
105
1357
2524
1187
2850
2639
3451
4072
4436
4626
2222
967
190
4059
4692
2349
4152
808
4167
648
2151
2550
2090
4451
3161
685
4668
3358
3619
637
3869
3631
2622
3796
3581
2687
2421
1581
2452
3091
2146
1076
1404
3851
4448
1475
4619
3905
2792
1980
4849
1079
307
2031
2546
4702
3104
4128
2861
4749
4742
263
1896
682
4980
2063
2977
4668
461
2618
2837
391
3121
655
2979
3748
1608
953
3631
2136
4254
3948
2336
3051
3697
3114
2566
3826
3154
601
2796
1046
3403
910
1639
667
1805
798
1727
992
4893
3871
2209
1844
4767
3457
443
2040
285
3607
2331
3174
2860
833
1505
3369
2903
1073
4619
2538
678
1027
3464
2509
1269
316
4499
4671
2955
4760
3204
1980
4349
496
4048
3637
2216
1668
3944
3922
1545
71
4517
706
3634
2039
3207
738
1062
3533
2810
4830
2251
1948
4885
4901
363
4858
2672
546
377
866
138
2741
2030
1666
4974
4507
4092
4915
784
743
2628
4283
4254
1204
3908
4431
126
3745
1363
1888
1918
1913
684
4627
4581
4411
1110
3265
4170
700
4356
3483
3087
423
4015
570
4875
3834
2825
2692
4294
1363
1228
942
4546
2699
4006
1561
2567
4867
4486
2695
3953
411
631
1886
4492
1581
3952
2902
2691
4775
4710
4015
4886
3811
3259
3741
3381
1607
2929
4894
1754
1747
3664
4836
673
41
267
150
1794
1494
2958
3734
2081
1599
1502
3423
2463
1492
2779
3394
3578
2347
4620
3937
2371
4596
2611
4192
648
2104
1620
384
4746
544
4854
2001
1984
1889
1953
1553
936
4284
3170
2040
4301
4896
1208
249
220
1573
953
1625
2436
723
4669
1246
1298
4849
3994
3942
1173
2909
2369
4275
1528
1397
1381
4612
4822
1483
3342
1395
3222
584
4630
566
3131
3072
4010
4473
4755
1861
816
4750
4129
4927
4785
4899
3996
4169
2277
4050
653
4584
4957
1006
290
3428
141
4169
2241
4079
1405
1770
316
760
3360
3159
4046
425
1363
4273
2077
4765
959
4659
3832
4260
3669
2906
3686
3144
1783
3053
311
568
400
2687
3657
2344
4035
1359
1866
1793
1242
388
1105
1339
1323
4969
3932
4499
4568
2303
2432
933
4325
2491
2882
1285
3141
1224
712
3287
397
37
894
1627
4290
1322
815
2859
1370
960
144
4562
1792
1905
4767
4402
578
1574
4528
710
571
4913
490
1928
4867
353
4891
3405
3079
241
4337
454
280
2072
697
804
1789
4775
3745
3860
3188
2991
1886
670
3261
1273
4367
3348
4723
588
4656
4666
416
4567
3015
1492
2746
2400
4366
1773
1768
17
1057
1600
2920
4114
3281
2537
3511
4736
697
4191
244
2825
514
3325
749
359
655
751
2391
129
2610
2883
4832
4949
2009
1350
1044
1325
3597
577
2930
2262
1699
4271
2613
4743
1473
2610
1779
584
1220
3917
2363
211
3711
3509
1433
643
4039
3181
1337
4055
1087
250
3526
2133
3005
247
813
330
1414
988
4654
3801
2843
1661
4432
1714
2279
4381
2923
1492
1188
98
1480
4150
3126
2771
4053
2077
2007
3749
2073
3405
2489
3283
2403
3054
2424
1181
4628
3921
2111
587
4610
640
2239
2891
2940
2873
2473
2651
3999
314
4107
2503
1803
634
2666
4106
2868
3150
4948
4732
4845
2853
351
2177
4033
1321
3943
1031
1397
4470
2702
3203
4180
3826
3600
3973
4623
1426
4126
2820
2895
121
847
2779
2099
1463
3995
2205
1840
4064
3697
1219
3128
2594
2799
1376
3125
1085
2246
4568
231
4633
364
3351
1311
2961
3140
4713
3528
3203
4872
2507
208
95
2762
154
3227
3189
793
531
1632
4737
1156
4605
2663
1256
2088
4101
1266
3365
4942
3623
877
4038
2264
2914
4378
301
2437
3334
4893
4421
1165
2085
4910
3104
1535
504
3694
4477
109
3482
514
2878
709
1663
4196
2609
4040
3490
2251
1441
4124
3068
1883
3
3021
1084
4428
3901
1740
4253
3600
1321
1458
3028
2763
3042
2951
1151
4978
1565
3719
2647
4555
4697
1379
590
2150
4774
3431
3351
3934
1579
1663
3487
1393
3003
4611
1610
643
4845
4161
1743
4701
1532
4512
180
2777
3445
4694
96
4217
3459
4120
771
3793
4676
2966
828
2934
1592
1461
2735
3644
3124
4630
4175
3329
149
1943
4453
510
3160
129
3883
653
2680
2404
2990
2835
3495
2485
1933
3427
3001
3642
535
3910
786
2025
260
4112
1154
476
1633
607
4107
1177
2564
892
4434
4322
404
3042
704
2430
3138
2276
3085
1037
4680
4602
1685
973
935
2357
1880
1852
3274
2521
4213
2291
3701
187
3292
2284
1206
17
4834
2707
2437
569
2852
3887
3976
1596
3705
4650
1468
2582
1803
2594
497
1690
4019
969
142
3634
1409
3317
680
3724
799
655
127
469
4116
1367
4057
2640
2802
4497
1531
2363
758
221
4380
2628
4805
3274
1986
3622
2784
1749
4977
4641
3727
655
654
2617
4040
3277
187
2973
4178
4434
2857
2575
4677
1769
3491
2863
262
3303
2720
252
2148
3131
1663
1704
4624
672
174
2419
2912
2617
3881
4188
3911
3737
2680
3377
1326
4134
249
4202
2918
2008
1961
3801
868
1821
3462
777
1346
2941
3814
2518
3331
867
4177
3685
2225
4978
3277
662
4839
3434
2900
1530
1342
847
1483
3754
3561
3836
3937
1370
4494
4778
3974
374
227
949
3609
1495
706
4765
3634
3173
4318
3428
2832
1930
2659
3835
1632
2257
4643
598
1314
3536
3581
2482
1093
2240
4601
4231
107
546
379
3041
2663
1671
4170
3966
2787
3610
4956
2201
1955
1364
3810
1130
2078
809
4057
3758
34
1375
2385
2580
4816
1143
448
2492
4272
2146
81
1009
1620
3964
99
2421
1350
885
722
4407
3092
3784
1535
2703
2210
2517
1171
3323
4756
2019
3542
2132
3041
348
3767
3690
2805
4851
1629
4177
658
2498
1176
4119
1659
3676
4429
1229
431
2349
3974
2019
832
4721
1911
4439
3108
1402
3020
1776
1053
267
2299
2793
3900
4316
520
1548
2629
4679
4928
3968
2249
530
3775
4857
1715
790
93
229
2258
3212
195
3382
3554
2123
150
3356
1500
1629
3869
3773
4552
1019
3957
4889
1828
4025
3575
2402
2829
4978
4154
3281
776
3596
1282
2679
172
2318
1915
3775
11
3375
1961
3087
2939
3762
2342
2669
1916
4123
2878
4621
4570
1090
34
1580
3784
91
2699
1908
752
537
4422
3441
852
4729
1476
2994
2357
4452
1083
424
1299
636
3982
1263
4995
490
3487
2632
1471
3204
4179
1795
1716
4664
3668
2616
704
2762
1821
2426
1340
4192
1075
710
4952
2065
1436
903
4700
739
3745
962
591
1384
913
1826
2447
1641
43
707
225
158
3528
90
3118
4781
1574
3111
3670
4132
4938
4055
4744
3926
793
425
3166
2983
3906
1554
804
4530
696
134
2030
2630
84
2083
2163
4670
4541
4987
2182
4410
459
2928
2664
944
3464
4042
3097
4919
4436
1908
3838
3298
1472
3887
3159
3003
1543
2798
800
1147
1128
2757
4484
1896
345
1296
4458
2295
1264
3224
518
921
4575
1522
4333
54
3957
3092
3947
2968
4405
4918
3509
1421
1608
3139
2291
2454
1267
998
931
4567
3708
1501
3244
3454
1805
1325
4697
1558
4998
3524
98
3532
4468
1713
1518
4045
733
735
3319
2417
591
3563
3427
4937
2383
2921
2522
1172
640
4325
2812
2258
3942
2964
1402
3082
512
2292
1131
3835
3571
919
3211
4059
1188
1097
4304
4273
119
119
2434
4098
838
296
3908
532
960
243
928
2036
3900
1136
3618
4750
3524
2585
4757
4397
3104
3347
2951
217
3467
966
1782
2168
2340
2750
2445
3070
2234
4494
4947
3724
608
1726
1241
2247
4005
3476
2354
4261
4373
2907
2272
2369
3939
3727
792
2187
2182
480
1015
579
804
2772
2433
3918
1490
2312
2655
2757
2139
2570
2564
4200
880
475
184
121
4515
4889
4520
4109
681
3701
334
3347
4853
3758
4764
3044
3064
3066
1856
413
1630
3413
1616
712
163
3715
4169
4644
2930
682
2335
2515
4306
4736
4481
3915
1589
4013
4679
3373
859
1928
2256
3319
1455
1263
2555
3580
2670
4225
3498
4922
2043
2132
3880
2001
2574
2136
3964
198
3534
1763
3880
3404
3914
915
1972
3290
4297
3207
2767
2991
729
2386
120
2496
2711
1253
4079
205
3131
4301
99
2473
1298
4263
1555
1015
1733
89
570
3549
1329
3817
475
4858
925
490
1240
3357
3604
4675
3994
1261
1193
930
4899
2100
1405
2822
2264
1868
254
3248
3625
2093
3246
2056
4226
3616
4714
3682
2860
1507
2981
3358
1410
2041
3347
985
4629
4233
4556
3055
3487
1624
2157
3688
2170
3345
97
4365
3657
3232
2777
2283
2811
3986
342
371
3492
3565
3206
4197
4993
3702
2362
865
3324
4073
1038
1637
2269
1155
2018
4587
4417
4113
1912
4625
3498
4286
2338
726
3679
2202
4199
1798
2837
1409
720
2222
4123
2042
3305
4281
4390
4806
1359
3539
3583
2410
4290
586
3109
3788
4417
1573
4542
174
4907
4932
3942
973
4843
1951
743
3501
3986
4628
1684
756
1101
2466
4653
737
3803
1489
3017
1846
3995
2481
3249
1124
1121
158
3787
2396
2536
788
860
4948
2798
1996
1555
2991
1928
116
2975
1199
784
1864
857
1251
2357
4565
3932
4024
3998
4512
1405
2105
3010
74
1108
4669
2136
910
525
3577
4791
843
2572
3748
1192
2800
4674
3536
4931
3313
2369
1604
2811
1934
145
2138
2874
3774
4917
4604
272
4166
4681
1650
2695
4803
3894
1377
3952
2240
2522
2019
4172
3501
2758
3866
405
2557
2502
1008
24
1932
3341
4060
4270
228
3150
1031
4178
3450
456
770
13
3349
4462
1116
3163
2310
1782
3914
2851
2327
3368
969
4513
4908
4909
2618
4134
3944
3342
1140
1294
1302
4480
846
3292
4520
972
4217
2241
406
2310
2485
688
2462
3703
3327
1204
1188
3010
3131
2965
3734
3764
4616
4927
3820
1268
1698
4736
1232
1545
1125
500
4261
876
2465
1749
4331
2623
2898
960
126
826
3091
2276
1853
2669
2806
1233
3097
1505
1293
3217
3622
4798
4138
3169
4498
1113
20
2943
4119
1495
2685
2808
991
1397
4108
1926
2208
1209
216
3010
1028
1542
2784
2348
4023
4786
4944
3709
4303
1674
4045
320
4001
4142
31
2220
2950
764
356
4768
1944
769
1107
3056
252
1299
742
1429
754
4318
2341
1376
3260
1695
1011
718
1694
4406
3074
3678
1186
2330
874
2595
2170
4441
3227
1367
554
49
4214
4400
2147
4982
669
907
4545
1014
4655
2690
3717
4099
3902
1090
1220
474
3160
2969
481
4440
2365
3060
2488
923
496
1997
3032
1586
1207
4832
1925
4172
1409
267
3187
43
1478
2256
750
3518
2849
2103
696
4929
4723
2166
404
4712
1831
3412
4590
469
3478
1775
3924
3934
655
4581
3002
4832
4525
770
4140
1013
646
1784
1661
2562
2479
2826
761
3836
4446
903
2184
853
667
4267
2407
2791
38
182
803
3674
3883
4509
3851
2083
2396
4883
2633
4116
3204
1429
4678
2452
4699
4877
2470
1830
2139
4769
1460
3748
3397
2744
2052
4794
733
3588
1378
2209
1373
1909
3842
369
3535
3214
2599
1636
3523
1431
2936
3097
4996
1290
4600
3919
157
2810
3978
1520
2182
3718
3861
3393
2397
3488
1471
3253
3276
3722
4439
2336
2587
3163
1642
3813
2790
504
3998
2564
159
1775
3889
1736
4143
2772
1923
3352
564
3573
2861
2330
3401
523
3821
155
719
3254
3358
4772
4547
3496
3030
4272
3365
2265
2355
1664
4049
1938
4370
2232
3870
4855
4218
3457
4248
2841
1584
3779
4157
1787
2779
894
2255
2034
4057
1404
4686
2514
3188
982
3837
1022
2944
885
2365
3952
4595
4660
1142
4060
960
4754
1696
3649
3364
1585
958
580
2033
4849
4720
3867
3019
1016
2592
2136
3283
3643
2271
1587
4686
2992
1803
1409
4203
1676
1862
1928
3408
241
4057
1820
4148
4439
1781
4933
3130
141
3083
1134
319
3807
3384
4539
261
3330
3075
4905
262
804
3362
156
3186
1115
4422
2299
1781
1313
155
1145
3605
3611
4234
611
4270
3014
2949
2716
3056
492
2554
4743
3236
510
1192
4598
4511
3061
1342
2599
3970
4074
4579
3558
4725
3591
2545
2140
562
3862
3396
3462
4603
1626
4525
1954
2104
3803
2633
779
873
704
1436
4434
3152
4030
3
3229
2519
842
3490
2282
3859
591
2237
2316
3609
1130
1818
3359
1947
554
3067
192
173
2127
4263
2062
502
3336
3716
1259
2062
3020
3667
688
4776
4802
4203
4386
1249
1775
3310
2103
2106
182
4314
3916
2098
4492
826
4467
681
4595
655
4094
1114
1597
2342
35
1912
3148
313
2462
1520
2425
3364
3714
2699
3630
2360
4904
4246
3198
3920
1494
646
1761
3955
843
1717
4568
3053
1365
4777
3810
1819
2078
4609
184
2135
889
947
384
4937
2683
4928
3849
1776
4073
1793
3280
1013
1555
4127
2266
2308
819
2414
718
3609
2838
1511
820
3812
2300
4371
3009
3970
3213
4158
4782
1588
1345
4610
3765
1599
4936
3134
616
564
3489
2336
4775
67
1763
838
1064
4555
254
659
889
4993
2721
2432
1126
4424
2683
2018
4760
4111
2192
3168
1874
2662
2066
1665
2977
79
1601
4324
365
4434
4157
1209
4284
32
3812
2314
339
63
416
4244
2002
2493
4692
918
4762
2383
2801
3902
164
1438
160
3996
3866
496
3457
3476
1159
2404
1274
4020
4349
839
3845
2404
663
2566
1456
3901
2819
929
837
2095
4659
3681
1121
3985
1101
2118
4296
4667
2272
86
1281
3097
3722
1731
276
4225
1855
3763
1710
264
4303
3887
4228
2524
4034
3549
2137
898
2533
6
2727
1198
299
3873
4499
60
413
4225
2780
1118
3813
320
1394
4108
1336
253
4151
1400
3070
4532
2174
4112
2368
2392
1538
1643
3447
2167
4745
3556
2549
474
771
314
4300
122
355
3743
969
2837
3959
141
2470
635
1228
3360
1578
2225
4871
3334
882
2622
364
2715
338
1150
526
4479
3719
495
3597
2985
4171
2948
3386
4461
1944
3141
2128
2836
1571
4465
4690
478
1228
1584
2191
2123
1349
255
1291
3034
4714
4624
2721
500
4793
3780
3439
2731
1979
4061
2544
1128
349
1167
4872
3
4039
2442
2458
2769
2177
1400
714
1723
878
3019
1594
4308
1999
4565
2455
487
2994
915
3182
2961
428
4005
3843
4979
1826
4003
541
2589
3423
1332
3581
4739
4329
971
945
3240
1340
4978
1370
816
1513
3397
3221
939
96
2499
4768
2635
3063
3197
1288
2214
489
519
3783
199
2504
994
1112
1217
2948
3244
3825
4437
746
2908
578
1010
2691
553
2823
4080
3223
3696
1607
265
3028
1273
2784
4582
822
3669
3266
2440
4829
1479
2608
1315
1401
1345
1311
1697
1324
378
201
2138
478
1653
2588
4738
4574
1399
1526
2050
3937
2809
3548
951
3155
272
4831
2588
1951
1222
2849
2589
954
4150
2561
4432
3282
3233
1613
891
340
88
3100
2159
234
3882
1568
4043
3776
1165
226
1728
2646
608
2057
668
985
4871
545
2013
3212
4857
243
849
3896
3422
4956
971
4840
496
2751
1023
4401
1062
4546
4016
2326
3482
1798
1279
1052
4625
2324
224
2121
1787
3828
3533
2813
677
307
2488
3930
45
1983
2470
3598
2124
1450
1837
3962
1271
1002
384
3301
1873
4311
896
1199
578
3855
3327
1367
2419
1398
4612
3690
3687
3891
1603
1729
317
1070
1699
2859
2784
2705
1825
2366
4693
47
4772
3424
1461
2960
2394
2212
1202
3304
4356
724
1665
4014
1197
4795
4084
2045
361
2242
981
1641
3117
4662
1066
2712
649
3544
3146
4839
399
3549
2031
2829
2986
3732
442
1893
1910
4072
2262
3136
1824
214
1515
1379
2409
2522
280
2591
2575
1352
1144
931
4168
1440
4405
4690
2295
2608
4619
205
3451
117
3959
625
741
1789
4608
1579
2923
1594
4599
2145
127
4592
3300
1327
3727
395
898
4366
4001
3072
402
421
1154
2781
2992
4954
3391
99
3649
4493
4373
2570
3988
2995
2177
153
3664
4865
3348
4489
3565
3391
4839
4452
717
4396
2036
706
220
1756
1502
854
3050
1183
2625
1411
3648
4253
2585
4256
2903
1624
1560
3114
4905
3958
443
1774
1091
2430
3280
4536
1623
627
4570
44
679
230
822
3549
434
3477
3753
2061
4866
1713
3262
4178
3878
974
1055
3131
2579
3965
4725
288
4214
915
1702
1826
4428
4433
355
4854
1245
2383
2547
2339
641
829
2504
3505
3233
2492
3778
3754
2424
3411
3865
993
3540
1893
3264
2447
3983
4327
1414
219
2398
3328
3569
4038
2958
2376
2780
4688
4807
41
3524
800
4688
3384
4217
963
586
834
814
1063
168
3537
3483
3316
3582
2581
2740
997
1260
1887
4536
1158
3014
3182
1282
4218
3004
1563
3473
2868
2641
2939
2423
450
4269
3378
2235
3486
197
4389
2219
4409
4215
3010
3218
4327
4841
2666
2894
3312
3078
4925
2112
3120
3921
4273
4483
57
2988
3041
4234
2345
4371
1427
3540
2373
3365
1036
3060
3529
3904
4654
4831
2522
3961
1529
1498
391
765
1528
2926
839
3061
3052
3809
2953
4073
3777
4805
757
1246
4458
2050
1051
3440
1462
3899
236
1697
4109
1531
3335
3060
119
1417
654
2873
560
4584
3574
4447
4547
4777
656
448
3192
4467
610
2501
3863
2689
2028
2429
1476
2059
3502
4244
2269
4170
3475
849
551
3706
3570
740
2356
4817
2763
2935
183
3573
1635
2756
2702
2220
1463
1318
4833
2680
85
1263
2479
4052
812
2936
4603
1183
3554
4261
187
3312
4981
2533
114
1428
3428
4927
3988
4327
1066
4062
1952
2764
2283
1806
4327
989
1373
1925
1989
3413
2760
531
239
3102
3904
714
3293
2473
2734
1633
1159
1092
968
4229
3021
2280
4097
487
3150
10
421
402
4874
3498
635
203
307
497
2457
3703
2756
3783
4325
601
2829
3342
395
1970
2803
1731
3673
4933
2249
4334
1023
4918
3515
3991
4492
870
4977
596
596
228
4799
3732
2043
4269
3715
3474
2251
1976
1540
85
3254
739
4363
1747
1195
3843
1545
2792
1009
4516
3861
651
1551
4626
2299
2862
4509
1996
620
541
1116
3389
2597
1293
128
3600
4567
2476
157
69
2088
2284
3051
787
430
1385
3969
3997
3956
1851
2408
3585
1869
2367
1745
1105
555
673
2721
4854
1164
1090
1893
3311
1764
1674
1450
4143
49
917
3665
2764
3412
3083
3171
1108
3896
800
2954
985
3606
3790
1966
2171
2758
2123
3435
173
3250
4289
285
4356
1972
919
579
1847
3462
3938
3684
1365
1162
3939
141
1767
1023
1939
1725
1303
4207
51
761
1775
3471
3472
2525
3368
4363
4370
1008
4584
3111
927
1660
4964
4646
3823
1554
4171
2039
3426
3859
4523
402
1780
2005
3262
3939
4857
4052
704
1463
4491
1981
2896
4391
3504
2616
3723
162
2339
192
302
2735
3192
4204
4089
3719
4296
4866
1550
3
19
739
1192
3732
3898
3983
3797
1941
2690
1596
4222
2560
1863
1274
4834
24
271
513
436
4548
1464
1732
2315
1931
3196
4526
51
3806
3697
4737
82
1099
2491
3062
3753
3455
2197
2991
796
242
2799
874
4870
4768
3399
2279
3730
2690
2105
1447
1546
2814
942
4880
27
356
4455
3785
329
4283
2590
1478
2842
330
2554
3670
1490
66
4579
4990
4854
4557
3558
4776
49
2181
1281
923
767
2400
557
3135
937
2862
331
9
2251
2169
184
3760
4991
235
3335
3713
2327
4623
3583
2720
4178
3560
3712
1349
622
527
1334
445
800
4696
3488
3645
4439
4184
3328
1275
4505
374
1485
1166
3816
2293
4374
2241
1767
4160
1696
4001
1141
4489
913
683
332
135
2328
1940
35
189
4008
173
3733
258
2948
3226
1181
684
3951
4767
787
124
1921
1927
4408
1662
2554
2607
4386
3177
4727
4093
1677
559
3630
4093
3839
1984
1150
2992
4213
2152
1384
621
3635
4572
1870
2114
2998
1452
3657
4870
3799
4127
3986
4306
4805
4369
1070
3737
193
4022
1657
2037
4491
3554
1412
1867
3390
1302
2263
1512
1660
178
1424
527
4556
3329
1018
1467
820
2934
2820
2647
4157
4527
828
2301
3694
242
3418
4640
819
209
3482
4746
53
3702
4585
3644
3301
4416
3875
4219
3820
865
2912
196
3063
3224
2007
528
1383
528
2328
1910
1590
3652
475
3136
4758
3887
2321
1319
1390
3271
4731
1367
379
907
2025
3151
3409
1489
1885
4
3390
9
4934
4225
779
248
3815
1963
55
742
495
1836
2613
2418
893
2637
3890
2064
2305
4818
4444
1940
4067
3248
757
160
3697
2090
177
4737
3650
71
2571
3153
1936
565
839
3096
3629
3750
1013
4983
903
4927
3842
2140
2014
532
199
434
4692
1329
2561
238
217
2081
4210
1737
4709
1802
1423
371
2834
1216
4204
1857
1610
3100
4239
3838
3388
4529
3321
450
2309
4394
4986
3113
243
617
2391
1289
1271
110
660
3646
1691
863
4673
3610
2007
3873
310
2735
2845
4024
1330
4168
1815
4883
1927
4747
3025
565
2188
2209
2109
3330
484
2516
3921
3659
1005
1631
62
2563
2439
1764
4988
2039
4430
962
2524
3034
4910
2677
4289
1855
4241
861
95
517
552
3945
3302
1239
4166
3950
4372
3839
4118
2335
3944
4069
3324
803
3513
822
31
4025
4897
1144
2678
4648
4351
4367
2464
2610
1614
3038
1018
4684
637
1342
2327
660
3753
2885
1053
160
846
4039
603
2272
2845
1732
1622
1109
2454
3522
4067
3570
4961
591
3112
705
3028
4399
833
13
2415
3359
1420
3881
1653
2543
3239
2876
2934
4391
2015
2661
1212
13
2463
1651
1656
1536
43
1578
1632
304
657
4894
668
2213
512
2842
3940
3417
4121
3762
3740
2626
2379
65
3850
587
129
1633
1982
2658
3399
670
3195
1599
2955
3882
3980
3238
3457
4739
2312
3595
427
3104
376
3435
3519
1539
592
4721
2519
332
130
4538
3336
1279
784
2547
970
596
2488
4904
3314
1028
3528
259
2878
4257
2751
2797
1874
2363
668
766
1202
523
2059
1436
2732
450
519
3121
1550
3258
3105
1876
3360
3812
4547
3731
2210
3130
4219
4136
3645
2672
4016
4607
1565
4219
3163
3748
1809
4953
2282
4045
1868
1999
2948
2585
3450
56
2948
2611
1449
4400
2223
2451
1618
3228
291
3655
4363
4366
3436
3369
3840
4412
2771
1346
2437
4576
4839
3288
151
4979
3660
2132
2980
4038
3800
1083
2473
3621
1237
2139
4913
3079
2076
1670
2256
4316
1505
4821
1129
2286
4837
4197
4545
2785
2983
3905
2335
2209
2321
3223
451
3389
3121
730
1602
4590
4733
1824
4429
1167
4892
1037
3061
4324
2283
4135
94
607
2254
3591
766
657
1781
2680
4884
218
1921
2134
2364
4232
2015
1615
1850
2965
3128
1199
3702
4313
518
500
3216
3473
2036
1910
2803
4649
83
3508
866
3285
4059
1781
2056
4607
4765
260
3746
1295
1504
3164
4009
4400
3313
2059
1179
4000
1988
213
4045
2839
4509
1337
689
2113
2304
2858
3189
494
755
978
2385
685
1454
639
1452
609
1969
4641
188
4659
731
123
4690
1761
3074
315
3902
2777
444
3991
712
3915
2163
1194
1869
2630
4832
1742
2393
3727
3178
1023
1423
2814
2992
2639
902
1857
3091
4491
1929
2723
4262
3284
63
3533
2597
3851
3439
4316
57
4119
2261
3445
1073
691
2415
800
4078
3095
2857
963
115
3862
4234
1181
2192
1485
4247
1331
4879
4540
763
3374
1063
1862
1480
3178
3306
3548
4561
755
2481
696
4743
2553
4695
2143
4704
120
2259
1991
4806
1219
3911
2245
1546
3275
2813
359
4073
495
881
4269
2203
2953
2323
740
2379
3278
1929
92
2075
986
149
3590
1647
150
1600
263
2583
683
4205
3333
4193
1564
4191
3539
598
867
2783
939
1705
2970
925
243
2030
3607
1390
971
366
3553
1222
3730
1060
3358
1604
137
4534
3326
4194
392
4066
4366
4916
4149
4970
855
3881
4796
1349
4118
2874
2642
1871
2336
2039
2980
301
1406
2597
1961
357
4982
3660
4974
107
395
40
3939
3491
2539
39
3094
3357
879
4713
4030
1183
1462
4320
4703
2386
4961
4148
2443
1390
4724
2948
668
1016
989
2466
462
2292
3347
4138
2735
3568
133
303
1113
1246
4991
4913
3190
2573
1267
600
4143
4272
2861
3231
4694
844
58
4030
2828
624
1013
23
3430
4987
3259
4814
3164
1370
4647
614
1964
2444
2433
2538
4669
4316
3638
2279
2350
4676
4189
2524
1996
1519
573
587
55
4695
1633
4053
4722
1250
1468
974
1154
559
4798
3440
3921
266
3552
2266
3583
329
1211
4631
2561
3180
3399
4494
1044
3822
1074
1908
3981
4100
459
2453
341
2136
1703
3616
1228
479
3616
4150
4142
864
3983
2926
933
3703
4487
3188
2572
2617
1674
3952
2939
4311
3860
2650
1616
2964
20
3116
3693
912
3167
2147
3168
4308
4531
333
2502
908
3830
3255
1871
3657
4181
1189
4367
4605
2756
836
3561
4136
807
1013
1869
4725
2036
4215
2808
1798
3623
4723
1683
4136
4185
2976
3515
2462
2746
4125
373
1054
4360
4208
3403
522
1312
992
1241
2071
861
2301
2494
4908
2833
4992
1555
4469
1537
3294
1376
4842
4743
3836
2169
4764
903
3054
2375
2327
3111
67
239
4004
908
1161
3594
2037
4465
2035
1278
443
146
182
1249
1064
1008
3595
674
2301
3217
2880
2067
922
885
1370
3280
2805
3877
4459
3520
1625
3207
3769
3871
1062
743
1193
2505
2446
2393
2101
2276
1442
3996
345
2808
4680
1526
3848
1081
4941
425
3756
1269
252
2888
719
1406
1694
2936
4845
3989
2698
3080
2326
2300
2922
2419
4993
3717
2249
43
2302
3589
1031
4625
4772
1796
4207
4743
164
4591
4112
2038
2939
1995
3651
109
4415
1205
4635
3795
2367
1032
2302
4009
318
3566
2887
4322
4217
2534
2856
2037
3336
382
4144
1970
2434
2705
2286
1346
3903
4785
3227
4597
4895
4296
2165
3442
1451
554
129
3018
2402
1542
2476
549
2470
4950
3899
2387
731
1924
1751
3731
1245
235
3817
922
2644
1039
2755
2981
1725
2334
748
103
3301
2028
2714
4119
4151
3507
4188
4188
27
1743
736
1963
3733
1097
4383
599
4184
2766
537
3128
1181
1058
1962
4151
2512
1426
4774
3282
1218
1654
625
1319
3036
4271
3075
3617
4264
3756
1325
4141
3495
1739
1758
1579
4076
4515
4043
1103
1255
1626
4238
981
30
479
446
883
301
665
4939
3781
2130
4167
2661
4229
4782
4263
800
343
473
4477
2713
2425
4667
722
1202
4385
2348
2328
1762
1670
1507
4230
3934
140
3205
476
1695
865
3445
271
971
2546
2823
4161
4119
2672
3209
1910
3397
4870
1693
4797
54
3318
2313
3690
2172
3393
4952
4275
1876
4475
2591
1999
2932
4625
2956
2722
705
2424
122
354
707
4225
2705
2374
1000
3159
2154
4929
2465
4367
4472
1812
3565
4930
487
4350
4864
3717
2055
1855
2327
3979
1654
1461
4004
1520
3038
4935
3764
1729
998
14
4486
2677
606
959
2229
3888
3128
2795
3651
3218
3436
211
2877
2705
3833
4295
2240
199
3649
2525
3814
4507
927
83
4974
3647
2048
4273
2156
3218
1601
1535
4056
3755
187
3252
3612
4950
444
300
2919
1947
2782
1264
1856
2623
2058
3024
4018
2175
4749
2102
1574
1253
2495
2024
825
1409
3567
788
2182
674
3567
1847
4463
3909
411
2480
2457
3104
135
4315
2417
4077
3099
3235
3884
4874
3327
2131
2353
4952
822
3088
2180
1025
836
818
4707
4068
4971
427
504
2691
2529
4003
4020
562
1600
4229
2913
3403
2298
974
4715
1738
4689
2597
2228
3592
3182
125
4728
3073
833
4544
596
2401
3897
1565
3720
2967
4569
3679
3900
848
119
33
683
3951
4233
627
1514
3900
2577
3096
2829
3105
2012
4070
2089
1572
470
4644
1945
365
2071
2857
2914
4933
1913
2155
99
2343
2586
2947
3555
1981
3892
3264
64
2581
4768
909
4545
2896
4796
155
1351
4219
3539
2869
2514
3071
2241
259
1678
1633
1672
1441
352
3835
4032
2874
1506
378
590
4076
1872
3033
2555
3500
197
4273
917
2658
528
2454
4007
4950
2699
2080
4574
4474
3001
4573
1045
707
3692
838
2115
4205
4712
2926
4268
1834
3758
1023
2194
1003
2569
561
611
1594
2962
1287
1694
2233
3815
60
303
2283
1998
1727
4318
2507
3138
3177
368
546
4012
1758
412
2313
1429
1842
1048
4889
40
3759
4840
4190
1630
4194
4721
4184
4176
347
1163
211
901
1953
3368
2270
4277
3029
3289
4480
2069
4740
308
3719
4521
2081
1950
1182
718
1893
2029
4171
4553
2658
56
4564
2014
2949
2524
2611
4302
1202
182
3694
2044
3609
2199
924
4903
1154
2848
261
4601
2847
2828
1438
977
3348
2598
1354
2465
3831
2852
3638
4773
4954
4859
4636
4476
1533
1475
1807
3393
2948
1991
509
4513
1472
1100
2368
3874
1668
87
2430
321
2759
4042
3211
3170
3263
3085
1509
3792
433
206
3271
694
4815
944
4396
2833
104
1892
3317
1960
30
2980
3472
2490
4361
1629
4954
3181
3172
1221
4393
1678
3183
232
3351
3336
2281
832
1755
535
1461
1776
2531
1159
2513
403
1661
2074
1443
4930
1172
1775
4787
4657
1773
328
974
1919
3502
1198
1904
57
1226
167
3959
2313
826
803
1323
3177
1387
4086
4295
2148
1029
1182
768
2322
3912
3862
2945
4049
3120
3440
311
2253
4749
963
4201
886
561
4198
2290
3102
3233
1590
4858
2055
1492
1655
3727
4715
691
1003
4270
2562
1663
4832
2123
1955
2996
4400
1229
1625
4601
3619
2037
3801
1952
113
871
955
3403
2768
3798
280
1264
1413
652
847
4950
2006
778
4435
392
2440
554
2678
1363
40
4422
1555
493
3896
2453
1971
2730
4434
3839
4098
811
4605
2296
1620
96
3012
486
3628
202
60
410
4181
1374
3972
1213
2997
484
3040
2481
2046
4274
1532
4409
2685
3627
3671
3519
4581
4139
3991
3678
4791
1087
3391
2725
959
2987
4214
2041
1267
2901
1706
3420
4551
4517
2514
1928
3138
3594
1513
4478
2842
3580
2763
3122
4825
859
2123
117
4159
2909
4596
2049
767
887
1322
2801
2192
300
3241
4493
4107
4959
1816
3262
4629
2610
2560
3986
459
3798
2098
2513
1940
1837
970
4414
1148
174
606
3662
4654
3683
3463
3240
4975
3426
2911
1188
1927
2517
777
4093
2370
3280
4305
4968
4107
4715
3714
622
546
1186
2967
822
550
3119
2383
3410
1915
4806
297
315
1319
3165
2657
1337
2467
2143
4200
935
2583
4379
553
3464
2592
2343
1946
1422
2019
3273
4337
2092
4260
2880
2116
4759
1242
1655
4210
3483
749
1208
4313
4299
3064
4842
2553
3730
1114
2625
2450
4327
2749
4133
2392
3184
4361
2455
2394
1022
1148
3477
949
2073
4072
2070
4361
2749
760
2829
3420
4582
4012
1850
1649
4235
4598
425
3039
2499
2562
4352
2202
999
4846
283
3804
1191
3204
2618
3981
3447
2951
2877
454
4216
3891
3810
4641
1627
2709
3712
895
2807
4845
3430
1644
129
1061
3072
4961
2564
2452
156
3433
1211
2793
4719
2748
4227
3994
3712
898
3061
3498
516
880
174
608
1796
2882
4561
1816
2925
902
553
1817
3756
2993
3753
1702
4947
4091
442
4517
139
1015
3255
1119
4861
1899
3475
3564
758
586
1360
383
1334
4278
218
2536
1081
832
3765
3718
3197
3678
1935
1364
2069
2034
1902
3037
1272
970
4307
1706
1904
4208
3333
3735
2835
2684
3012
1006
793
655
1550
310
1406
821
496
4208
839
3318
4102
4190
1425
885
2886
4157
4620
4596
2379
4992
2062
1089
1136
3016
1286
3964
4526
2364
4995
376
4587
4611
2614
742
2008
4088
870
1942
4582
1424
1192
2539
3023
3632
1359
1316
4214
4700
4321
1206
2013
3553
3161
3018
3256
2517
758
1771
913
1084
4918
793
4874
3467
4221
1477
84
2571
1242
3096
200
3298
2559
76
928
3932
2169
2854
2735
1531
310
2470
4727
1177
3973
849
4172
1454
2279
2856
1117
3809
3598
342
523
1881
1127
607
364
4368
2368
172
1935
838
676
324
2092
4443
3157
932
4474
1690
3158
906
1341
1211
3289
4565
2963
1073
1142
327
3910
1792
1476
3415
2897
3991
735
1947
4714
3405
4896
2771
3382
3127
70
4167
1297
4032
851
2101
1721
3086
3172
2637
455
263
4779
3660
4884
3557
3721
2454
2982
3619
4905
1527
639
2254
817
4944
4350
880
1681
4892
4203
653
2812
3153
3405
2865
778
3612
371
1759
2031
3549
3354
1157
2723
711
3691
1655
820
2039
3480
3275
4903
3267
252
3877
2409
805
3038
4805
4869
4168
4618
341
2063
1073
1470
3453
3836
1213
2526
2755
2633
4193
4212
614
1286
955
360
880
763
1099
3006
3195
808
1671
1460
734
4944
1999
3117
4330
3116
4926
4952
4325
4255
4222
917
557
2944
588
2178
4887
2602
4806
3585
4744
4474
4887
3559
4018
912
1984
2713
162
4068
2932
216
3062
4879
740
4120
3834
2891
1205
4239
1235
2068
2913
3062
1631
2737
1466
1021
4919
2996
3522
2604
334
3481
1520
3176
244
1957
2187
3496
1004
183
4852
3695
3665
435
368
2875
3805
4667
2797
1010
3083
1166
1302
1220
913
2709
1155
1252
3898
2372
2727
4564
3156
335
3367
4656
1123
4663
2519
1274
797
1843
1955
2370
3253
3390
4169
2717
4170
2873
4650
42
4420
1989
4147
596
3992
2457
1695
283
2538
2294
2964
4194
3811
4144
94
4981
4989
2283
2185