 22 32 34 26 25 24 23 22 27 26 27 25 26 24 30 23 30 26 26 24 21 20 20 31  Átlag= 25,58
 32 29 29 27 33 28 24 21 21 31 27 24 34 33 22 25 34 23 20 23 26 27 29 30  Átlag= 27,17
 26 25 23 20 34 22 33 22 31 23 28 31 29 31 24 33 22 26 24 29 31 26 23 32  Átlag= 27,00
 23 21 25 32 34 32 25 25 34 34 21 27 25 23 21 33 33 25 27 31 24 26 30 23  Átlag= 27,25
 34 22 20 20 22 34 34 34 21 26 31 33 32 20 22 34 33 23 31 30 29 31 28 34  Átlag= 28,25
 24 25 30 25 33 27 28 32 25 21 32 32 31 24 22 20 34 21 25 33 26 23 21 32  Átlag= 26,92
 23 28 33 20 29 20 28 22 29 21 30 31 23 28 21 28 33 34 27 30 23 24 23 28  Átlag= 26,50
 21 31 30 28 25 29 27 21 24 33 22 25 29 27 22 24 28 30 23 29 28 25 31 26  Átlag= 26,58
 34 31 20 27 30 25 29 33 25 24 34 33 24 34 31 20 29 29 27 25 25 31 34 25  Átlag= 28,29
 31 22 22 28 20 28 34 30 20 24 28 29 28 34 26 33 23 23 34 25 28 24 20 28  Átlag= 26,75
 33 23 34 34 32 25 20 23 32 30 31 27 23 21 32 31 24 23 32 20 25 22 27 30  Átlag= 27,25
 23 29 22 21 31 28 31 27 22 28 29 32 29 20 33 30 23 25 31 32 23 33 29 21  Átlag= 27,17
 25 23 20 25 26 34 22 30 31 24 31 23 22 33 26 23 33 23 24 29 27 20 22 24  Átlag= 25,83
 25 22 32 20 26 29 26 24 34 20 31 27 28 26 21 23 26 33 21 24 24 29 27 25  Átlag= 25,96
 33 27 34 34 28 34 29 25 21 31 20 23 22 22 24 21 32 26 24 21 22 33 30 26  Átlag= 26,75
 22 21 23 28 34 32 20 30 30 26 21 33 30 27 30 34 26 25 26 32 26 32 21 23  Átlag= 27,17
 28 34 27 32 24 25 22 34 32 27 31 27 31 21 26 24 30 24 28 30 21 26 26 25  Átlag= 27,29
 30 25 30 31 27 32 20 25 34 34 34 20 25 22 26 24 24 21 20 23 30 22 23 24  Átlag= 26,08
 34 21 21 22 24 25 22 22 27 22 22 34 29 25 27 34 27 26 27 31 21 25 34 28  Átlag= 26,25
 32 23 25 34 25 23 29 27 22 25 32 25 30 32 20 29 32 32 27 22 20 27 29 33  Átlag= 27,29
 29 20 31 23 30 26 23 28 22 28 25 21 34 22 31 24 27 29 31 24 28 21 23 29  Átlag= 26,21
 26 33 34 24 33 31 27 25 28 27 25 25 27 26 32 30 22 23 22 22 27 34 29 29  Átlag= 27,54
 21 23 30 25 30 25 25 27 31 21 32 31 27 34 30 26 20 34 27 27 32 26 32 21  Átlag= 27,38
 32 21 21 24 33 21 22 26 24 24 23 30 20 21 29 23 21 32 28 25 29 21 22 23  Átlag= 24,79
 28 31 21 27 27 21 31 29 25 29 28 28 23 21 29 30 34 25 26 22 31 34 26 34  Átlag= 27,50
 24 24 26 34 33 26 27 30 33 33 30 22 20 29 34 23 27 28 24 26 27 21 34 20  Átlag= 27,29
 23 32 26 23 29 20 26 29 25 22 22 23 30 32 31 34 21 32 30 25 25 27 29 24  Átlag= 26,67
 25 23 29 22 29 34 26 23 24 25 31 20 34 23 21 33 26 21 32 33 27 31 28 30  Átlag= 27,08
 31 25 24 30 26 28 29 30 22 22 33 26 25 23 34 25 30 33 33 24 20 31 34 33  Átlag= 27,96
 31 31 33 24 30 31 31 28 30 34 26 24 29 31 32 30 31 20 32 32 24 30 28 22  Átlag= 28,92
Havi Átlag módszer 1  = 26,955555555555552
Havi Átlag módszer 2  = 26,955555555555556
Havi Átlag módszer 3  = 26,955666666666662
